# ジャブロー周辺
state={
	id=495
	name="STATE_495"
	resources={
		aluminium=4 # was: 4
	}

	history={
		owner = EFS
		add_core_of = EFS
		buildings = {
			infrastructure = 0

		}

	}

	provinces={
		1979 2198 4980 5008 5083 5214 5216 5232 8050 8172 8185 8254 10934 10960 12919 12965 13083 13419 13420 13421 13422 13423 13425 13426 13427 13429 13431 13432 13435 13437 13438 13439 13440 13441 13442 13443 13444 13445 13446 13447 13449 13450 13452 13453 13454 13456 13458 13459 13460 13461 13462 13463 13466 13468 13469 13471 13472 13473 13477 13480 13484 13486 13487 13488 13489 13501 13502 13503 13507 13516 13517 13534 
	}
	manpower=979900
	local_supplies=15.0 
	state_category=city
}
